WIDTH=1024
EPS=0.00265457
L1=1000000
T=2654.572098
N_ITEMS=100000
N_UPDATES=1000000
ZIPF_S=1.0
NUM_SEEDS=25
STREAM_SEED=2024
P=100003
